AnimationSet {
   Animation anim-rot1 {
      {frm-rot1}
      SI_AnimationKey {
         0;
         6;
         1; 4; 1.000000, 0.000000, 0.000000, 0.000000;;,
         8; 4; 0.758758, 0.000000, -0.651373, 0.000000;;,
         9; 4; 0.688967, -0.000000, -0.724793, -0.000000;;,
         24; 4; -0.688967, -0.000000, -0.724793, -0.000000;;,
         25; 4; 0.758758, 0.000000, 0.651373, 0.000000;;,
         31; 4; 0.994869, 0.000000, 0.101169, 0.000000;;;
      }
   }
   Animation anim-rot2 {
      {frm-rot2}
      SI_AnimationKey {
         0;
         6;
         1; 4; 1.000000, 0.000000, 0.000000, 0.000000;;,
         8; 4; 0.758758, 0.000000, 0.651373, 0.000000;;,
         9; 4; -0.688967, -0.000000, -0.724793, -0.000000;;,
         24; 4; 0.688967, -0.000000, -0.724793, -0.000000;;,
         25; 4; 0.758758, 0.000000, -0.651373, 0.000000;;,
         31; 4; 0.994869, 0.000000, -0.101169, 0.000000;;;
      }
   }
}