AnimationSet {
   Animation anim-main_body {
      {frm-main_body}
      SI_AnimationKey {
         2;
         53;
         0; 3; 0.000000, 3.061450, -0.233636;;,
         1; 3; 0.000000, 3.061450, -0.227043;;,
         2; 3; 0.000000, 3.061450, -0.207562;;,
         3; 3; 0.000000, 3.061450, -0.175636;;,
         4; 3; 0.000000, 3.061450, -0.131710;;,
         5; 3; 0.000000, 3.061450, -0.076228;;,
         6; 3; 0.000000, 3.061450, -0.009636;;,
         7; 3; 0.000000, 3.061450, 0.067624;;,
         8; 3; 0.000000, 3.061450, 0.155105;;,
         9; 3; 0.000000, 3.061450, 0.252364;;,
         10; 3; 0.000000, 3.061450, 0.358957;;,
         11; 3; 0.000000, 3.061450, 0.474438;;,
         12; 3; 0.000000, 3.061450, 0.598364;;,
         13; 3; 0.000000, 3.061450, 0.730290;;,
         14; 3; 0.000000, 3.061450, 0.869772;;,
         15; 3; 0.000000, 3.061450, 1.016364;;,
         16; 3; 0.000000, 3.061450, 1.169624;;,
         17; 3; 0.000000, 3.061450, 1.329105;;,
         18; 3; 0.000000, 3.061450, 1.494364;;,
         19; 3; 0.000000, 3.061450, 1.664957;;,
         20; 3; 0.000000, 3.061450, 1.840438;;,
         21; 3; 0.000000, 3.061450, 2.020364;;,
         22; 3; 0.000000, 3.061450, 2.204290;;,
         23; 3; 0.000000, 3.061450, 2.391772;;,
         25; 3; 0.000000, 3.061450, 2.775623;;,
         27; 3; 0.000000, 3.061450, 3.168364;;,
         30; 3; 0.000000, 3.061450, 3.766364;;,
         33; 3; 0.000000, 3.061450, 4.364364;;,
         35; 3; 0.000000, 3.061450, 4.757105;;,
         37; 3; 0.000000, 3.061450, 5.140957;;,
         38; 3; 0.000000, 3.061450, 5.328438;;,
         39; 3; 0.000000, 3.061450, 5.512364;;,
         40; 3; 0.000000, 3.061450, 5.692290;;,
         41; 3; 0.000000, 3.061450, 5.867772;;,
         42; 3; 0.000000, 3.061450, 6.038364;;,
         43; 3; 0.000000, 3.061450, 6.203623;;,
         44; 3; 0.000000, 3.061450, 6.363105;;,
         45; 3; 0.000000, 3.061450, 6.516364;;,
         46; 3; 0.000000, 3.061450, 6.662956;;,
         47; 3; 0.000000, 3.061450, 6.802439;;,
         48; 3; 0.000000, 3.061450, 6.934364;;,
         49; 3; 0.000000, 3.061450, 7.058290;;,
         50; 3; 0.000000, 3.061450, 7.173771;;,
         51; 3; 0.000000, 3.061450, 7.280364;;,
         52; 3; 0.000000, 3.061450, 7.377624;;,
         53; 3; 0.000000, 3.061450, 7.465105;;,
         54; 3; 0.000000, 3.061450, 7.542364;;,
         55; 3; 0.000000, 3.061450, 7.608956;;,
         56; 3; 0.000000, 3.061450, 7.664438;;,
         57; 3; 0.000000, 3.061450, 7.708364;;,
         58; 3; 0.000000, 3.061450, 7.740290;;,
         59; 3; 0.000000, 3.061450, 7.759771;;,
         60; 3; 0.000000, 3.061450, 7.766364;;;
      }
   }

   Animation anim-frm-obj64 {
      {frm-obj64}
      SI_AnimationKey {
         0;
         61;
         0; 4; 1.000000, 0.000000, 0.000000, -0.000000;;,
         1; 4; 1.000000, 0.000000, 0.000000, -0.000000;;,
         2; 4; 1.000000, -0.001005, -0.000000, -0.000000;;,
         3; 4; 0.999992, -0.003972, -0.000000, -0.000000;;,
         4; 4; 0.999961, -0.008835, 0.000000, -0.000000;;,
         5; 4; 0.999880, -0.015522, -0.000000, -0.000000;;,
         6; 4; 0.999713, -0.023965, -0.000000, 0.000000;;,
         7; 4; 0.999419, -0.034093, -0.000000, 0.000000;;,
         8; 4; 0.998949, -0.045834, 0.000000, -0.000000;;,
         9; 4; 0.998251, -0.059117, 0.000000, -0.000000;;,
         10; 4; 0.997268, -0.073866, 0.000000, -0.000000;;,
         11; 4; 0.995941, -0.090006, 0.000000, -0.000000;;,
         12; 4; 0.994210, -0.107457, -0.000000, 0.000000;;,
         13; 4; 0.992012, -0.126140, -0.000000, -0.000000;;,
         14; 4; 0.989289, -0.145971, -0.000000, 0.000000;;,
         15; 4; 0.985980, -0.166865, 0.000000, 0.000000;;,
         16; 4; 0.982029, -0.188732, 0.000000, -0.000000;;,
         17; 4; 0.977382, -0.211483, 0.000000, -0.000000;;,
         18; 4; 0.971990, -0.235023, -0.000000, 0.000000;;,
         19; 4; 0.965808, -0.259258, 0.000000, 0.000000;;,
         20; 4; 0.958797, -0.284091, -0.000000, 0.000000;;,
         21; 4; 0.950925, -0.309423, 0.000000, -0.000000;;,
         22; 4; 0.942164, -0.335153, -0.000000, 0.000000;;,
         23; 4; 0.932495, -0.361182, 0.000000, -0.000000;;,
         24; 4; 0.921908, -0.387409, -0.000000, -0.000000;;,
         25; 4; 0.910398, -0.413733, 0.000000, 0.000000;;,
         26; 4; 0.897970, -0.440056, 0.000000, -0.000000;;,
         27; 4; 0.884637, -0.466281, 0.000000, -0.000000;;,
         28; 4; 0.870419, -0.492312, 0.000000, -0.000000;;,
         29; 4; 0.855346, -0.518057, -0.000000, 0.000000;;,
         30; 4; 0.839456, -0.543428, 0.000000, -0.000000;;,
         31; 4; 0.822794, -0.568340, -0.000000, 0.000000;;,
         32; 4; 0.805413, -0.592714, -0.000000, 0.000000;;,
         33; 4; 0.787374, -0.616475, 0.000000, -0.000000;;,
         34; 4; 0.768745, -0.639556, 0.000000, -0.000000;;,
         35; 4; 0.749599, -0.661892, 0.000000, 0.000000;;,
         36; 4; 0.730016, -0.683430, -0.000000, 0.000000;;,
         37; 4; 0.710081, -0.704120, 0.000000, -0.000000;;,
         38; 4; 0.689884, -0.723920, -0.000000, 0.000000;;,
         39; 4; 0.669520, -0.742794, 0.000000, -0.000000;;,
         40; 4; 0.649084, -0.760717, -0.000000, -0.000000;;,
         41; 4; 0.628679, -0.777665, 0.000000, -0.000000;;,
         42; 4; 0.608404, -0.793627, -0.000000, 0.000000;;,
         43; 4; 0.588366, -0.808595, -0.000000, -0.000000;;,
         44; 4; 0.568668, -0.822567, 0.000000, 0.000000;;,
         45; 4; 0.549416, -0.835549, -0.000000, -0.000000;;,
         46; 4; 0.530714, -0.847551, -0.000000, 0.000000;;,
         47; 4; 0.512668, -0.858587, 0.000000, -0.000000;;,
         48; 4; 0.495379, -0.868677, 0.000000, 0.000000;;,
         49; 4; 0.478951, -0.877842, -0.000000, -0.000000;;,
         50; 4; 0.463483, -0.886106, 0.000000, 0.000000;;,
         51; 4; 0.449073, -0.893495, 0.000000, 0.000000;;,
         52; 4; 0.435817, -0.900035, -0.000000, 0.000000;;,
         53; 4; 0.423807, -0.905752, -0.000000, 0.000000;;,
         54; 4; 0.413135, -0.910670, -0.000000, 0.000000;;,
         55; 4; 0.403886, -0.914809, 0.000000, -0.000000;;,
         56; 4; 0.396147, -0.918187, 0.000000, -0.000000;;,
         57; 4; 0.389997, -0.920816, -0.000000, -0.000000;;,
         58; 4; 0.385516, -0.922701, -0.000000, 0.000000;;,
         59; 4; 0.382776, -0.923841, 0.000000, -0.000000;;,
         60; 4; 0.381847, -0.924225, -0.000000, 0.000000;;;
      }
   }
   Animation anim-frm-obj65 {
      {frm-obj65}
      SI_AnimationKey {
         0;
         29;
         0; 4; 1.000000, 0.000000, 0.000000, -0.000000;;,
         1; 4; 1.000000, 0.000000, 0.000000, -0.000000;;,
         2; 4; 1.000000, -0.001005, -0.000000, -0.000000;;,
         3; 4; 0.999992, -0.003972, -0.000000, -0.000000;;,
         4; 4; 0.999961, -0.008835, 0.000000, -0.000000;;,
         5; 4; 0.999880, -0.015522, -0.000000, -0.000000;;,
         6; 4; 0.999713, -0.023965, -0.000000, 0.000000;;,
         7; 4; 0.999419, -0.034093, -0.000000, 0.000000;;,
         8; 4; 0.998949, -0.045834, 0.000000, -0.000000;;,
         9; 4; 0.998251, -0.059117, 0.000000, -0.000000;;,
         10; 4; 0.997268, -0.073866, 0.000000, -0.000000;;,
         11; 4; 0.995941, -0.090006, 0.000000, -0.000000;;,
         12; 4; 0.994210, -0.107457, -0.000000, 0.000000;;,
         13; 4; 0.992012, -0.126140, -0.000000, -0.000000;;,
         14; 4; 0.989289, -0.145971, -0.000000, 0.000000;;,
         15; 4; 0.985980, -0.166865, 0.000000, 0.000000;;,
         16; 4; 0.982029, -0.188732, 0.000000, -0.000000;;,
         17; 4; 0.977382, -0.211483, 0.000000, -0.000000;;,
         18; 4; 0.971990, -0.235023, -0.000000, 0.000000;;,
         19; 4; 0.965808, -0.259258, 0.000000, 0.000000;;,
         20; 4; 0.958797, -0.284091, -0.000000, 0.000000;;,
         21; 4; 0.950925, -0.309423, 0.000000, -0.000000;;,
         22; 4; 0.942164, -0.335153, -0.000000, 0.000000;;,
         23; 4; 0.932495, -0.361182, 0.000000, -0.000000;;,
         24; 4; 0.921908, -0.387409, -0.000000, -0.000000;;,
         25; 4; 0.910398, -0.413733, 0.000000, 0.000000;;,
         26; 4; 0.897970, -0.440056, 0.000000, -0.000000;;,
         27; 4; 0.884637, -0.466281, 0.000000, -0.000000;;,
         28; 4; 0.870419, -0.492312, 0.000000, -0.000000;;,
      }
   }

   Animation anim-obj10 {
      {frm-obj10}
      SI_AnimationKey {
         0;
         60;
         1; 4; 0.707107, -0.000000, 0.000000, -0.707107;;,
         2; 4; 0.706633, -0.000000, 0.000000, -0.707580;;,
         3; 4; 0.705233, -0.000000, 0.000000, -0.708976;;,
         4; 4; 0.702933, -0.000000, 0.000000, -0.711256;;,
         5; 4; 0.699757, -0.000000, 0.000000, -0.714381;;,
         6; 4; 0.695728, -0.000000, 0.000000, -0.718306;;,
         7; 4; 0.690864, -0.000000, 0.000000, -0.722985;;,
         8; 4; 0.685183, -0.000000, 0.000000, -0.728371;;,
         9; 4; 0.678702, -0.000000, 0.000000, -0.734413;;,
         10; 4; 0.671438, -0.000000, 0.000000, -0.741061;;,
         11; 4; 0.663404, -0.000000, 0.000000, -0.748261;;,
         12; 4; 0.654617, -0.000000, 0.000000, -0.755960;;,
         13; 4; 0.645093, -0.000000, 0.000000, -0.764104;;,
         14; 4; 0.634847, -0.000000, 0.000000, -0.772638;;,
         15; 4; 0.623896, -0.000000, 0.000000, -0.781507;;,
         16; 4; 0.612259, -0.000000, 0.000000, -0.790657;;,
         17; 4; 0.599956, -0.000000, 0.000000, -0.800033;;,
         18; 4; 0.587008, -0.000000, 0.000000, -0.809581;;,
         19; 4; 0.573438, -0.000000, 0.000000, -0.819249;;,
         20; 4; 0.559272, -0.000000, 0.000000, -0.828985;;,
         21; 4; 0.544536, -0.000000, 0.000000, -0.838738;;,
         22; 4; 0.529260, -0.000000, 0.000000, -0.848460;;,
         23; 4; 0.513476, -0.000000, 0.000000, -0.858104;;,
         24; 4; 0.497218, -0.000000, 0.000000, -0.867626;;,
         25; 4; 0.480522, -0.000000, 0.000000, -0.876983;;,
         26; 4; 0.463426, -0.000000, 0.000000, -0.886136;;,
         27; 4; 0.445971, -0.000000, 0.000000, -0.895048;;,
         28; 4; 0.428199, -0.000000, 0.000000, -0.903684;;,
         29; 4; 0.410156, -0.000000, 0.000000, -0.912015;;,
         30; 4; 0.391887, -0.000000, 0.000000, -0.920013;;,
         31; 4; 0.373442, -0.000000, 0.000000, -0.927654;;,
         32; 4; 0.354869, -0.000000, 0.000000, -0.934916;;,
         33; 4; 0.336219, -0.000000, 0.000000, -0.941784;;,
         34; 4; 0.317546, -0.000000, 0.000000, -0.948243;;,
         35; 4; 0.298902, -0.000000, 0.000000, -0.954284;;,
         36; 4; 0.280341, -0.000000, 0.000000, -0.959901;;,
         37; 4; 0.261918, -0.000000, 0.000000, -0.965090;;,
         38; 4; 0.243689, -0.000000, 0.000000, -0.969853;;,
         39; 4; 0.225709, -0.000000, 0.000000, -0.974195;;,
         40; 4; 0.208033, -0.000000, 0.000000, -0.978122;;,
         41; 4; 0.190716, -0.000000, 0.000000, -0.981645;;,
         42; 4; 0.173815, -0.000000, 0.000000, -0.984778;;,
         43; 4; 0.157384, -0.000000, 0.000000, -0.987538;;,
         44; 4; 0.141476, -0.000000, 0.000000, -0.989942;;,
         45; 4; 0.126147, -0.000000, 0.000000, -0.992012;;,
         46; 4; 0.111448, -0.000000, 0.000000, -0.993770;;,
         47; 4; 0.097434, -0.000000, 0.000000, -0.995242;;,
         48; 4; 0.084154, -0.000000, 0.000000, -0.996453;;,
         49; 4; 0.071661, -0.000000, 0.000000, -0.997429;;,
         50; 4; 0.060003, -0.000000, 0.000000, -0.998198;;,
         51; 4; 0.049231, -0.000000, 0.000000, -0.998787;;,
         52; 4; 0.039394, -0.000000, 0.000000, -0.999224;;,
         53; 4; 0.030539, -0.000000, 0.000000, -0.999534;;,
         54; 4; 0.022714, -0.000000, 0.000000, -0.999742;;,
         55; 4; 0.015965, -0.000000, 0.000000, -0.999873;;,
         56; 4; 0.010340, -0.000000, 0.000000, -0.999947;;,
         57; 4; 0.005886, -0.000000, 0.000000, -0.999983;;,
         58; 4; 0.002647, -0.000000, 0.000000, -0.999996;;,
         59; 4; 0.000669, -0.000000, 0.000000, -1.000000;;,
         60; 4; 0.000000, 0.000000, -0.000000, 1.000000;;;
      }
   }

}

